3437 0.013034
107 0.012004
1684 0.011142
0 0.010836
1912 0.006775
348 0.004183
3980 0.004135
686 0.003827
414 0.003285
698 0.002249
483 0.002098
3830 0.002012
376 0.001567
56 0.001434
828 0.001429
3596 0.001428
25 0.001395
428 0.001381
2047 0.001367
2313 0.001329
1888 0.001292
3604 0.001282
1800 0.001281
322 0.001281
67 0.001255
3684 0.001252
412 0.001236
1352 0.001225
475 0.001224
271 0.001213
3938 0.001208
713 0.001206
252 0.001205
119 0.001203
3545 0.001199
917 0.001194
136 0.00119
277 0.001188
563 0.00117
1472 0.001164
1584 0.001161
484 0.001158
3320 0.001152
3280 0.001146
1768 0.001133
21 0.00113
3756 0.001128
26 0.001123
3521 0.001114
896 0.001108
705 0.0011
2951 0.001098
637 0.001098
122 0.001092
2384 0.001092
200 0.00109
3291 0.001089
304 0.00108
2543 0.00108
3948 0.00108
824 0.001071
2716 0.001062
3101 0.001059
1783 0.001058
1086 0.001056
1663 0.001056
805 0.001056
3116 0.001055
1431 0.00105
856 0.001049
3633 0.001047
1730 0.001042
517 0.001037
719 0.001034
3584 0.001033
3397 0.00103
2730 0.001027
1536 0.001027
1964 0.001021
2863 0.001018
312 0.001017
239 0.001017
500 0.001014
1804 0.00101
2742 0.001007
373 0.001005
2839 0.001005
2347 0.001002
353 0.001001
580 0.001001
3082 0.001
3256 0.000999
1612 0.000993
363 0.000991
315 0.000991
1085 0.000983
1104 0.000983
2724 0.000982
747 0.000979
272 0.000977
3672 0.000974
188 0.000973
2328 0.00097
9 0.000968
1376 0.000964
1827 0.000955
203 0.000952
1277 0.000952
3363 0.000951
3495 0.000951
1199 0.00095
1204 0.000947
3154 0.000946
366 0.000944
40 0.000936
332 0.000933
3076 0.000933
3051 0.000932
3152 0.000932
2133 0.000931
3232 0.000926
2754 0.000923
513 0.00092
1505 0.00092
2289 0.00092
553 0.00092
3838 0.00092
460 0.000919
2944 0.000917
3434 0.000914
745 0.000913
592 0.000909
823 0.000908
1746 0.000907
724 0.000901
1589 0.000901
3918 0.0009
3456 0.000899
280 0.000899
688 0.000898
400 0.000896
3360 0.000895
3851 0.000893
1070 0.000893
1126 0.000892
2111 0.000891
3677 0.000891
3968 0.00089
3442 0.000888
2199 0.000885
3140 0.000883
2904 0.000881
1192 0.00088
3680 0.000879
830 0.000877
3060 0.000875
694 0.000873
697 0.000872
1390 0.000871
538 0.000868
606 0.000868
3136 0.000867
172 0.000867
2719 0.000865
1184 0.000865
285 0.000864
3252 0.000863
3800 0.000863
2268 0.000862
3824 0.000862
2032 0.000861
2336 0.00086
2661 0.000858
4030 0.000858
497 0.000858
1377 0.000857
3426 0.000857
544 0.000857
3019 0.000857
1703 0.000857
2793 0.000856
3324 0.000856
3132 0.000855
1736 0.000854
1604 0.000853
559 0.000853
2292 0.000853
566 0.000851
1941 0.00085
3090 0.000849
1835 0.000849
2748 0.000848
3804 0.000846
3448 0.000845
422 0.000845
170 0.000843
3396 0.000841
1516 0.000839
1591 0.000838
1833 0.000838
2778 0.000838
1620 0.000837
1718 0.000836
3611 0.000836
1420 0.000836
2081 0.000835
1621 0.000833
1577 0.000831
395 0.000831
2956 0.000828
2068 0.000827
3488 0.000825
1235 0.000825
916 0.000825
1707 0.000824
436 0.000824
561 0.000822
1559 0.000822
2960 0.000822
3330 0.000821
3038 0.00082
199 0.000818
3172 0.000818
1714 0.000816
3793 0.000815
3877 0.000815
2176 0.000815
492 0.000813
1613 0.000813
781 0.000813
3924 0.000812
1622 0.000809
236 0.000809
2828 0.000808
2283 0.000808
1610 0.000806
465 0.000806
1078 0.000806
1052 0.000805
3104 0.000803
2992 0.000802
3344 0.000799
2928 0.000799
1876 0.000798
3201 0.000797
3072 0.000797
524 0.000797
3198 0.000797
3577 0.000796
1844 0.000796
3000 0.000795
3506 0.000795
784 0.000794
1504 0.000794
456 0.000793
1399 0.000793
2333 0.000792
98 0.00079
4023 0.000789
2054 0.000789
3002 0.000789
1132 0.000788
1076 0.000787
2072 0.000787
1256 0.000787
1391 0.000787
3150 0.000787
2117 0.000787
3233 0.000785
2126 0.000784
1628 0.000784
1471 0.000783
431 0.000781
3568 0.000781
1014 0.000781
3263 0.00078
3077 0.00078
3576 0.000779
1124 0.000779
567 0.000779
2916 0.000778
925 0.000777
1032 0.000777
3734 0.000777
946 0.000776
1488 0.000776
1459 0.000775
2007 0.000775
2598 0.000774
800 0.000769
1211 0.000769
728 0.000769
3214 0.000769
2282 0.000769
1367 0.000768
3640 0.000768
3501 0.000768
2800 0.000768
370 0.000767
1456 0.000766
3240 0.000766
41 0.000764
820 0.000763
3035 0.000762
2780 0.000762
1320 0.000761
980 0.00076
1059 0.00076
3302 0.00076
1551 0.000759
506 0.000759
2224 0.000759
2676 0.000758
3971 0.000758
2560 0.000757
3168 0.000756
3593 0.000754
3084 0.000754
213 0.000754
1583 0.000753
3348 0.000752
2664 0.000752
2087 0.000752
3758 0.000752
3464 0.000751
2966 0.00075
3350 0.000749
438 0.000748
526 0.000748
2877 0.000748
2344 0.000748
408 0.000747
2592 0.000747
1345 0.000746
1786 0.000746
1596 0.000746
596 0.000746
432 0.000746
1813 0.000746
3930 0.000745
3185 0.000745
3692 0.000744
2324 0.000743
2468 0.000742
2266 0.000742
115 0.000741
3120 0.00074
1960 0.00074
3586 0.000739
1636 0.000738
1816 0.000738
171 0.000737
2240 0.000737
1839 0.000736
3020 0.000736
2464 0.000734
2088 0.000734
3906 0.000733
556 0.000733
2786 0.00073
1358 0.000729
186 0.000729
2244 0.000728
2901 0.000728
2936 0.000728
1338 0.000728
1238 0.000727
1926 0.000726
2604 0.000725
2340 0.000724
2642 0.000723
1920 0.000721
651 0.000721
1709 0.00072
1868 0.000719
2172 0.000719
1972 0.000719
2986 0.000719
752 0.000718
2920 0.000718
3966 0.000718
2428 0.000717
525 0.000717
3056 0.000717
3540 0.000717
3508 0.000716
3900 0.000716
2236 0.000715
2188 0.000715
703 0.000715
1469 0.000715
404 0.000715
3455 0.000715
2220 0.000714
3017 0.000713
3366 0.000713
504 0.000713
2782 0.000711
1554 0.000711
1366 0.000711
3351 0.000711
3027 0.00071
53 0.00071
1600 0.000709
1985 0.000709
827 0.000708
2694 0.000707
1520 0.000707
3162 0.000707
1522 0.000707
2624 0.000706
3096 0.000706
3764 0.000705
579 0.000704
1322 0.000704
2184 0.000703
2833 0.000703
142 0.000703
3332 0.000702
3026 0.000702
630 0.000702
2669 0.000702
2364 0.000701
1668 0.000701
104 0.000701
320 0.000701
374 0.0007
2927 0.0007
2187 0.0007
80 0.0007
3674 0.0007
3412 0.000699
3342 0.000699
2564 0.000698
1004 0.000698
1630 0.000697
2488 0.000697
2180 0.000697
2864 0.000696
1557 0.000696
1080 0.000696
924 0.000696
3449 0.000695
2376 0.000695
3797 0.000695
1820 0.000695
3078 0.000694
1945 0.000693
323 0.000693
2064 0.000693
2142 0.000692
2872 0.00069
993 0.00069
291 0.00069
1548 0.00069
419 0.00069
1331 0.000688
1574 0.000687
3860 0.000687
3629 0.000687
1185 0.000687
2233 0.000687
3616 0.000686
1360 0.000685
780 0.000685
2600 0.000684
224 0.000684
3387 0.000684
3842 0.000684
1236 0.000683
2738 0.000682
1799 0.000682
2796 0.000682
1608 0.000682
1688 0.000681
3468 0.000681
520 0.000681
1447 0.000679
1752 0.000679
1576 0.000679
2509 0.000679
2915 0.000679
507 0.000677
3528 0.000677
1984 0.000676
2849 0.000676
1573 0.000676
2038 0.000676
1304 0.000676
2500 0.000675
324 0.000675
1017 0.000675
853 0.000674
116 0.000674
88 0.000674
3274 0.000674
3829 0.000673
1496 0.000672
1416 0.000672
3500 0.000672
2104 0.000672
444 0.000671
2869 0.000671
1791 0.000671
2448 0.00067
2492 0.00067
2196 0.00067
3267 0.00067
1725 0.000669
113 0.000668
1146 0.000668
3327 0.000668
1222 0.000668
2116 0.000668
3347 0.000667
1148 0.000667
2616 0.000667
2679 0.000667
3460 0.000666
1948 0.000666
3224 0.000665
329 0.000665
3188 0.000664
1048 0.000664
2511 0.000664
708 0.000664
2412 0.000663
1879 0.000662
2510 0.000662
3628 0.000662
2404 0.000662
1172 0.000662
514 0.000661
2138 0.000661
960 0.00066
1006 0.00066
2028 0.00066
2200 0.00066
3284 0.00066
2052 0.000659
3790 0.000659
2611 0.000658
2372 0.000657
834 0.000657
3321 0.000657
695 0.000656
1692 0.000655
1864 0.000655
3705 0.000655
2512 0.000655
1361 0.000655
2102 0.000655
1662 0.000655
2153 0.000654
1100 0.000654
3553 0.000653
3836 0.000653
2140 0.000652
1793 0.000652
2906 0.000652
1136 0.000651
3406 0.000651
1871 0.000651
169 0.000651
3728 0.00065
2608 0.00065
2460 0.00065
1128 0.00065
3196 0.000649
2128 0.000649
3776 0.000649
3884 0.000649
23 0.000649
1227 0.000648
261 0.000648
1893 0.000648
1462 0.000647
2332 0.000647
1616 0.000646
1761 0.000645
2124 0.000644
3902 0.000644
325 0.000644
2520 0.000644
819 0.000644
378 0.000644
3385 0.000644
2890 0.000643
2356 0.000643
1598 0.000643
2229 0.000643
3825 0.000643
313 0.000643
2973 0.000643
2781 0.000643
1603 0.000642
3049 0.000642
1479 0.000642
4000 0.000642
1729 0.000642
1680 0.000642
2352 0.00064
2555 0.00064
204 0.00064
346 0.00064
2132 0.000639
417 0.000639
1687 0.000638
3529 0.000638
4004 0.000638
848 0.000638
1275 0.000638
3417 0.000638
2777 0.000638
3033 0.000638
3625 0.000637
1216 0.000637
1712 0.000637
1480 0.000637
1828 0.000637
3945 0.000636
2880 0.000636
3926 0.000636
515 0.000636
1717 0.000636
1159 0.000635
1153 0.000635
1175 0.000635
3353 0.000635
1329 0.000635
3956 0.000635
696 0.000634
1250 0.000634
128 0.000634
1540 0.000634
118 0.000634
391 0.000634
3740 0.000633
1173 0.000633
3998 0.000633
3558 0.000633
815 0.000632
2108 0.000631
92 0.000631
1284 0.000631
3617 0.00063
1661 0.00063
3272 0.000629
774 0.000629
2183 0.000629
2284 0.000628
48 0.000628
641 0.000628
542 0.000628
2755 0.000627
1107 0.000627
3179 0.000627
360 0.000627
3248 0.000627
1742 0.000626
3145 0.000626
1980 0.000626
2294 0.000626
2112 0.000625
2940 0.000625
3182 0.000624
109 0.000624
2836 0.000624
2471 0.000624
3345 0.000624
2720 0.000623
2410 0.000623
2149 0.000623
144 0.000623
840 0.000621
389 0.000621
1716 0.000621
2156 0.000621
2629 0.000621
680 0.000621
1156 0.00062
3184 0.00062
1824 0.00062
2988 0.000619
180 0.000619
3962 0.000619
1020 0.000619
3087 0.000618
2508 0.000618
2932 0.000618
2232 0.000618
2084 0.000618
1452 0.000617
2526 0.000617
2247 0.000617
3514 0.000616
2206 0.000616
760 0.000616
3722 0.000615
1373 0.000615
3277 0.000615
3737 0.000615
1656 0.000614
2040 0.000614
3982 0.000614
2020 0.000614
2309 0.000614
82 0.000614
3416 0.000614
1221 0.000614
20 0.000614
2279 0.000614
2943 0.000613
2327 0.000613
2750 0.000612
1983 0.000612
3064 0.000612
764 0.000611
496 0.000611
2757 0.000611
3799 0.000611
1899 0.00061
232 0.00061
2302 0.00061
3054 0.00061
1669 0.00061
493 0.00061
2308 0.00061
2228 0.000609
452 0.000609
2174 0.000609
2640 0.000609
3113 0.000608
184 0.000608
3810 0.000608
1509 0.000607
3365 0.000607
503 0.000607
2620 0.000606
3525 0.000606
3411 0.000606
2361 0.000605
339 0.000604
3108 0.000604
2728 0.000604
2674 0.000604
2024 0.000604
2276 0.000604
1932 0.000604
2909 0.000604
2463 0.000603
423 0.000603
1683 0.000603
3288 0.000602
3440 0.000602
1993 0.000602
402 0.000602
2436 0.000602
1344 0.000601
2440 0.000601
908 0.0006
2218 0.0006
2408 0.0006
3605 0.000599
3299 0.000599
2461 0.000599
2319 0.000599
1036 0.000598
3335 0.000598
1880 0.000598
2588 0.000598
2668 0.000598
2683 0.000598
636 0.000597
1940 0.000597
2348 0.000597
2078 0.000597
1757 0.000596
3873 0.000596
2507 0.000595
72 0.000595
1427 0.000595
3960 0.000594
1396 0.000594
1288 0.000594
654 0.000594
1902 0.000594
2925 0.000593
3204 0.000592
3731 0.000592
2542 0.000592
2504 0.000592
1947 0.000591
2123 0.00059
944 0.00059
2602 0.00059
1570 0.000589
644 0.000588
2910 0.000588
326 0.000588
2148 0.000587
573 0.000587
3226 0.000587
1348 0.000587
2996 0.000587
1260 0.000587
2912 0.000587
804 0.000587
3636 0.000586
3648 0.000586
2649 0.000586
3253 0.000586
829 0.000586
1624 0.000586
1467 0.000586
2939 0.000585
1525 0.000585
2659 0.000585
1468 0.000584
2491 0.000584
3107 0.000584
1231 0.000584
2516 0.000583
1269 0.000582
1160 0.000582
1665 0.000582
2946 0.000582
2894 0.000582
1867 0.000582
1067 0.000581
2131 0.000581
3022 0.000581
726 0.000581
397 0.000581
2419 0.000581
1347 0.00058
992 0.00058
1024 0.00058
2758 0.000579
2472 0.000579
1041 0.000579
19 0.000579
2125 0.000579
1272 0.000579
2369 0.000578
1959 0.000578
1292 0.000578
1330 0.000578
2590 0.000577
616 0.000577
2772 0.000577
2071 0.000577
2073 0.000576
1675 0.000575
2317 0.000575
3295 0.000575
3828 0.000575
3599 0.000575
1823 0.000575
842 0.000575
3264 0.000574
1230 0.000574
1432 0.000574
3933 0.000574
4020 0.000574
1101 0.000574
2004 0.000574
1750 0.000573
2129 0.000573
2150 0.000573
3868 0.000572
3782 0.000572
3794 0.000572
3920 0.000572
2867 0.000572
1720 0.000572
3220 0.000572
3362 0.00057
1943 0.00057
2241 0.00057
2300 0.00057
3480 0.00057
2127 0.00057
1255 0.000569
3702 0.000569
2368 0.000569
308 0.000569
2607 0.000569
1334 0.000568
1335 0.000568
3612 0.000568
2937 0.000568
1689 0.000567
28 0.000567
1259 0.000567
343 0.000567
3951 0.000566
3791 0.000566
3378 0.000566
773 0.000566
1332 0.000565
1237 0.000565
2976 0.000565
1491 0.000565
2212 0.000565
1916 0.000565
1502 0.000564
284 0.000564
3768 0.000564
3496 0.000564
1214 0.000564
3052 0.000564
2866 0.000564
1448 0.000563
1857 0.000562
388 0.000562
1482 0.000561
2644 0.000561
1487 0.000561
461 0.000561
1312 0.000561
3747 0.000561
1261 0.00056
2103 0.00056
392 0.00056
1465 0.00056
3738 0.000559
4031 0.000559
1117 0.000559
2331 0.000558
2223 0.000558
1938 0.000558
600 0.000558
3505 0.000558
2865 0.000558
1066 0.000558
1872 0.000557
1079 0.000557
2250 0.000557
3526 0.000557
2059 0.000557
3369 0.000557
2171 0.000557
1120 0.000556
2648 0.000556
1388 0.000556
3696 0.000556
2037 0.000556
2712 0.000556
1946 0.000555
2896 0.000555
1917 0.000555
1060 0.000555
2056 0.000555
1475 0.000555
3419 0.000554
3247 0.000554
732 0.000554
2601 0.000553
736 0.000553
2053 0.000553
766 0.000552
2201 0.000552
2540 0.000552
1580 0.000552
3296 0.000552
3004 0.000552
2617 0.000552
342 0.000552
3841 0.000552
2628 0.000552
2090 0.000551
1341 0.000551
1547 0.000551
3115 0.00055
1515 0.00055
1611 0.00055
1568 0.00055
3117 0.00055
947 0.000549
2216 0.000549
1305 0.000548
3624 0.000548
2143 0.000548
1380 0.000548
2118 0.000548
2325 0.000548
1298 0.000548
1232 0.000547
1770 0.000547
1962 0.000547
770 0.000547
2398 0.000547
2665 0.000547
2680 0.000546
2556 0.000546
2030 0.000546
4014 0.000545
2567 0.000545
1645 0.000545
3106 0.000545
1617 0.000544
1831 0.000544
1549 0.000543
2107 0.000543
4 0.000543
3869 0.000543
2913 0.000543
3947 0.000543
3921 0.000542
175 0.000542
249 0.000542
532 0.000542
1632 0.000542
1273 0.000542
1809 0.000541
2625 0.000541
968 0.000541
792 0.000541
2144 0.00054
2189 0.00054
2586 0.00054
2615 0.00054
604 0.00054
720 0.00054
3187 0.00054
2339 0.00054
368 0.00054
1188 0.00054
1995 0.00054
1732 0.00054
1280 0.000539
1404 0.000539
242 0.000539
1652 0.000539
1842 0.000539
2827 0.000539
2275 0.000538
2905 0.000538
1849 0.000538
248 0.000538
1282 0.000537
2039 0.000537
1966 0.000537
617 0.000537
3403 0.000536
2989 0.000536
2414 0.000536
1951 0.000536
2323 0.000536
1125 0.000535
3469 0.000535
3146 0.000535
2160 0.000535
3195 0.000535
2593 0.000535
3833 0.000535
1409 0.000534
2290 0.000533
952 0.000533
3964 0.000533
967 0.000533
3297 0.000533
1988 0.000533
2120 0.000533
640 0.000533
1619 0.000533
3826 0.000533
1973 0.000532
1267 0.000532
2420 0.000532
214 0.000532
2919 0.000532
3119 0.000531
3466 0.000531
1428 0.000531
1794 0.000531
2271 0.000531
3638 0.000531
3174 0.000531
2395 0.000531
1563 0.000531
1787 0.00053
1733 0.00053
739 0.00053
148 0.00053
2278 0.00053
2484 0.000529
942 0.000529
2955 0.000528
137 0.000528
2764 0.000528
3040 0.000528
1666 0.000528
1064 0.000528
2873 0.000528
2304 0.000528
1954 0.000528
2264 0.000528
2169 0.000527
2832 0.000527
948 0.000527
2969 0.000527
3339 0.000527
2853 0.000527
2203 0.000526
1495 0.000526
2093 0.000526
1597 0.000526
3070 0.000526
548 0.000525
966 0.000525
8 0.000525
936 0.000525
2326 0.000525
1837 0.000525
1904 0.000525
531 0.000525
1473 0.000524
3752 0.000524
2451 0.000524
2069 0.000524
953 0.000524
3364 0.000524
1894 0.000524
1029 0.000524
2787 0.000524
3384 0.000523
3896 0.000523
1370 0.000523
2784 0.000523
2409 0.000523
2706 0.000523
24 0.000522
1979 0.000522
2351 0.000522
1721 0.000521
632 0.000521
2194 0.000521
1740 0.000521
3994 0.00052
1971 0.00052
3239 0.00052
849 0.00052
3690 0.00052
3100 0.00052
1644 0.00052
4021 0.00052
1528 0.00052
3111 0.00052
2597 0.000519
712 0.000519
3212 0.000519
2396 0.000519
2553 0.000519
94 0.000519
2991 0.000518
684 0.000518
2862 0.000518
2338 0.000518
776 0.000518
420 0.000518
1744 0.000517
1158 0.000517
3542 0.000517
3656 0.000516
3536 0.000516
2498 0.000516
2139 0.000516
3822 0.000516
3089 0.000515
2840 0.000515
1845 0.000515
2354 0.000515
13 0.000514
211 0.000514
768 0.000514
2630 0.000514
3711 0.000514
2045 0.000513
930 0.000513
1886 0.000513
787 0.000513
1051 0.000513
1144 0.000513
3176 0.000513
2381 0.000513
3316 0.000512
1715 0.000512
1555 0.000512
3124 0.000512
1895 0.000512
2060 0.000511
1861 0.000511
1243 0.00051
140 0.00051
2756 0.00051
3608 0.000509
1291 0.000509
921 0.000509
3169 0.000509
957 0.000509
2672 0.000509
3912 0.000509
1191 0.000509
560 0.000509
2001 0.000509
862 0.000508
2043 0.000508
212 0.000508
1735 0.000508
1108 0.000507
1976 0.000507
2033 0.000507
3475 0.000507
3592 0.000506
2558 0.000506
4017 0.000506
609 0.000506
364 0.000506
3386 0.000506
545 0.000505
1083 0.000505
2911 0.000505
1097 0.000505
2231 0.000505
1512 0.000504
653 0.000504
141 0.000504
1812 0.000504
3261 0.000504
3891 0.000504
810 0.000503
158 0.000503
463 0.000503
1593 0.000503
1588 0.000503
2049 0.000503
2881 0.000502
2192 0.000502
1122 0.000502
455 0.000502
718 0.000502
964 0.000501
3662 0.000501
678 0.000501
3207 0.000501
2550 0.000501
2698 0.000501
978 0.0005
3932 0.0005
3972 0.0005
3486 0.0005
2875 0.0005
3651 0.000499
2763 0.000499
334 0.000499
3200 0.000499
2729 0.000499
1212 0.000498
1648 0.000498
1500 0.000498
1426 0.000497
1040 0.000497
3610 0.000497
2892 0.000497
108 0.000497
876 0.000496
1807 0.000496
3287 0.000496
2594 0.000496
620 0.000495
2844 0.000495
3564 0.000495
748 0.000495
2552 0.000495
1789 0.000495
2999 0.000495
1056 0.000495
3708 0.000495
754 0.000494
3988 0.000494
1975 0.000494
276 0.000494
396 0.000494
2458 0.000494
3011 0.000494
564 0.000494
3476 0.000493
2582 0.000493
3852 0.000493
1166 0.000493
3036 0.000493
3886 0.000492
3518 0.000492
1882 0.000492
584 0.000492
2374 0.000491
2363 0.000491
227 0.000491
3298 0.000491
1328 0.000491
2371 0.000491
3750 0.000491
984 0.00049
3693 0.00049
1149 0.00049
2655 0.00049
1637 0.00049
3821 0.00049
2812 0.000489
2397 0.000489
3721 0.000489
1796 0.000489
2190 0.000489
1339 0.000489
2950 0.000489
1741 0.000489
2423 0.000489
3720 0.000489
1371 0.000488
1444 0.000488
3258 0.000488
3355 0.000488
1483 0.000487
3556 0.000487
328 0.000487
2689 0.000487
1028 0.000487
512 0.000486
3927 0.000486
3590 0.000486
1302 0.000486
1936 0.000486
2619 0.000486
3472 0.000485
1408 0.000485
3687 0.000485
1118 0.000485
3016 0.000485
2018 0.000485
2638 0.000484
2768 0.000484
1324 0.000484
2708 0.000484
1423 0.000484
3118 0.000483
2559 0.000483
1898 0.000483
932 0.000483
3005 0.000483
2152 0.000483
2958 0.000483
2734 0.000483
1072 0.000482
1545 0.000482
192 0.000482
2322 0.000482
2482 0.000482
2643 0.000482
1129 0.000482
4027 0.000482
2537 0.000481
2578 0.000481
2532 0.000481
516 0.000481
1642 0.000481
3996 0.000481
2091 0.000481
1205 0.000481
591 0.00048
527 0.00048
299 0.00048
3861 0.00048
3086 0.00048
3149 0.000479
3177 0.000479
2533 0.000479
1003 0.000479
2785 0.000479
3907 0.000479
3097 0.000479
1569 0.000479
3098 0.000478
2434 0.000478
3001 0.000478
1918 0.000478
2394 0.000478
1810 0.000478
3511 0.000478
1798 0.000478
3433 0.000477
988 0.000477
3538 0.000477
2475 0.000477
1449 0.000477
1010 0.000477
2042 0.000477
2660 0.000477
2994 0.000477
1163 0.000477
2753 0.000477
3870 0.000476
31 0.000476
3867 0.000476
3148 0.000476
2924 0.000476
523 0.000476
1307 0.000476
772 0.000476
1413 0.000475
3858 0.000475
1672 0.000475
3760 0.000475
1228 0.000475
1724 0.000475
265 0.000474
185 0.000474
2446 0.000474
2636 0.000474
3180 0.000474
2732 0.000474
3080 0.000474
2074 0.000474
797 0.000474
14 0.000474
2549 0.000473
3034 0.000473
2154 0.000473
901 0.000473
1881 0.000472
2246 0.000471
664 0.000471
2949 0.000471
2561 0.000471
1590 0.000471
2121 0.00047
1405 0.00047
62 0.00047
2280 0.00047
619 0.00047
488 0.00047
3381 0.00047
132 0.00047
3995 0.00047
903 0.00047
3304 0.000469
36 0.000469
2342 0.000469
3872 0.000469
1436 0.000469
3892 0.000469
3532 0.000468
2551 0.000468
1919 0.000468
1533 0.000468
1340 0.000467
1000 0.000467
1529 0.000467
355 0.000467
1300 0.000467
687 0.000467
2365 0.000467
1998 0.000466
3718 0.000466
3160 0.000466
2253 0.000466
3710 0.000466
3997 0.000466
2370 0.000466
3073 0.000465
2377 0.000465
4038 0.000465
111 0.000465
1530 0.000465
1021 0.000465
1691 0.000464
3780 0.000464
1634 0.000464
1772 0.000463
1623 0.000463
2645 0.000463
1012 0.000463
3400 0.000463
1009 0.000463
997 0.000463
3888 0.000463
1019 0.000462
1113 0.000462
1986 0.000462
2538 0.000462
2411 0.000462
1099 0.000462
727 0.000461
3546 0.000461
1927 0.000461
1826 0.000461
3524 0.000461
2257 0.00046
3644 0.00046
3137 0.00046
3713 0.000459
1567 0.000459
1217 0.000459
3753 0.000459
3557 0.000459
1109 0.000459
618 0.000459
941 0.000459
1848 0.000458
439 0.000458
1271 0.000458
3716 0.000457
1333 0.000457
1258 0.000457
2299 0.000457
1806 0.000457
68 0.000457
3835 0.000457
1825 0.000456
2335 0.000456
2871 0.000456
2005 0.000456
3260 0.000456
3620 0.000455
2296 0.000455
302 0.000455
1392 0.000455
2095 0.000455
2573 0.000455
872 0.000455
196 0.000454
2848 0.000454
2416 0.000453
2260 0.000453
1424 0.000453
2211 0.000453
3587 0.000453
1860 0.000453
1685 0.000453
954 0.000453
3391 0.000453
1655 0.000453
3478 0.000452
260 0.000452
1808 0.000452
2392 0.000451
3743 0.000451
3725 0.000451
3293 0.000451
3206 0.000451
3420 0.000451
1179 0.000451
555 0.000451
2972 0.00045
2718 0.00045
3219 0.00045
2164 0.00045
1676 0.00045
2666 0.00045
4016 0.00045
1242 0.00045
1378 0.00045
2433 0.000449
3331 0.000449
806 0.000449
1601 0.000449
963 0.000449
194 0.000448
3792 0.000448
198 0.000448
1082 0.000448
2810 0.000448
2076 0.000448
2254 0.000447
1929 0.000447
990 0.000447
3714 0.000447
149 0.000447
223 0.000446
1643 0.000446
84 0.000446
2320 0.000446
3986 0.000446
1968 0.000445
1356 0.000445
3664 0.000445
226 0.000445
3025 0.000445
424 0.000445
1955 0.000445
1609 0.000444
2657 0.000444
2006 0.000444
1511 0.000444
2444 0.000444
803 0.000443
2984 0.000443
3032 0.000443
2000 0.000443
101 0.000443
1189 0.000443
2654 0.000442
1355 0.000442
2273 0.000442
2841 0.000442
1534 0.000442
2135 0.000442
612 0.000442
2914 0.000442
2684 0.000442
3831 0.000441
3549 0.000441
1112 0.000441
2430 0.000441
2026 0.00044
1866 0.00044
2083 0.00044
1699 0.00044
888 0.00044
1507 0.000439
310 0.000439
1308 0.000439
1337 0.000439
3028 0.000439
2921 0.000439
3372 0.000438
3228 0.000438
1257 0.000437
1605 0.000437
3931 0.000437
1494 0.000436
1343 0.000436
1435 0.000436
1369 0.000436
1068 0.000436
3759 0.000436
3706 0.000435
99 0.000435
1290 0.000434
1705 0.000434
2022 0.000434
3559 0.000434
3328 0.000434
4026 0.000434
3969 0.000434
2173 0.000434
1660 0.000434
2696 0.000434
1454 0.000433
297 0.000433
2985 0.000433
2741 0.000433
3008 0.000433
3516 0.000433
2974 0.000432
2675 0.000432
1819 0.000432
2495 0.000432
537 0.000432
3809 0.000432
1210 0.000431
2546 0.000431
1296 0.000431
3443 0.000431
2122 0.000431
847 0.000431
2447 0.000431
2334 0.000431
100 0.000431
3265 0.000431
4009 0.000431
352 0.00043
3255 0.00043
387 0.00043
1565 0.00043
2378 0.00043
3950 0.00043
266 0.00043
3021 0.00043
2868 0.00043
1862 0.00043
2359 0.000429
2575 0.000429
3534 0.000429
161 0.000429
1114 0.000429
3236 0.000428
3276 0.000428
583 0.000428
1316 0.000428
2399 0.000428
2806 0.000428
3484 0.000428
3191 0.000427
1037 0.000427
7 0.000427
127 0.000427
3840 0.000427
1728 0.000427
814 0.000426
1336 0.000426
3730 0.000426
1508 0.000426
3915 0.000426
4002 0.000426
197 0.000426
1349 0.000426
1049 0.000426
1992 0.000425
2191 0.000425
3356 0.000425
176 0.000425
3490 0.000425
1155 0.000425
817 0.000425
1374 0.000425
557 0.000425
394 0.000425
2662 0.000424
1092 0.000424
3300 0.000424
479 0.000424
3643 0.000424
3976 0.000423
2815 0.000423
822 0.000423
1359 0.000423
1464 0.000423
1102 0.000423
975 0.000423
3719 0.000423
2773 0.000423
1075 0.000423
3848 0.000422
281 0.000422
2161 0.000422
1939 0.000422
2610 0.000422
3967 0.000422
3609 0.000422
833 0.000422
2134 0.000422
2063 0.000422
2521 0.000422
3635 0.000422
1944 0.000421
1884 0.000421
536 0.000421
2035 0.000421
1523 0.00042
17 0.00042
2307 0.00042
3452 0.00042
1970 0.00042
3395 0.00042
3346 0.00042
3774 0.00042
588 0.00042
2002 0.000419
2151 0.000419
2652 0.000419
818 0.000419
2501 0.000419
1181 0.000419
3850 0.000418
1935 0.000418
1131 0.000418
2145 0.000418
2539 0.000418
1368 0.000418
1460 0.000418
3615 0.000417
3634 0.000417
1910 0.000417
1991 0.000417
3667 0.000417
2646 0.000417
1795 0.000417
1137 0.000416
3569 0.000416
3102 0.000416
1751 0.000416
2248 0.000415
1018 0.000415
3580 0.000415
2202 0.000415
350 0.000415
2267 0.000415
1587 0.000415
816 0.000415
615 0.000414
2386 0.000414
889 0.000414
734 0.000414
661 0.000414
643 0.000414
2843 0.000414
570 0.000414
3471 0.000414
2031 0.000414
1788 0.000413
2341 0.000413
231 0.000413
372 0.000413
1647 0.000413
2010 0.000412
1785 0.000412
3761 0.000412
2856 0.000412
1923 0.000412
430 0.000411
2715 0.000411
738 0.000411
3422 0.000411
3275 0.00041
938 0.00041
2897 0.00041
2690 0.00041
839 0.00041
3544 0.00041
3142 0.000409
2931 0.000409
3438 0.000409
3957 0.000409
1412 0.000409
2993 0.000409
2700 0.000409
3473 0.000409
2485 0.000409
3655 0.000409
3128 0.000408
1110 0.000408
3499 0.000408
3847 0.000408
2749 0.000408
2086 0.000407
2115 0.000407
2469 0.000407
369 0.000407
2159 0.000407
3065 0.000407
2235 0.000407
1997 0.000406
2109 0.000406
1673 0.000406
2765 0.000406
885 0.000406
3679 0.000406
864 0.000406
3698 0.000406
275 0.000406
181 0.000406
662 0.000405
2945 0.000405
3439 0.000405
2165 0.000405
1011 0.000405
2647 0.000405
2603 0.000405
2061 0.000405
1327 0.000405
3085 0.000405
3779 0.000404
1026 0.000404
1639 0.000404
464 0.000404
3554 0.000404
156 0.000404
296 0.000404
2438 0.000403
995 0.000403
659 0.000403
658 0.000403
627 0.000403
578 0.000403
3114 0.000403
2417 0.000403
547 0.000403
1318 0.000403
844 0.000403
1758 0.000403
1841 0.000402
982 0.000402
2820 0.000402
1914 0.000402
2656 0.000402
976 0.000402
2136 0.000402
576 0.000402
2964 0.000401
434 0.000401
3392 0.000401
1694 0.000401
238 0.000401
2589 0.000401
731 0.000401
1832 0.0004
1541 0.0004
416 0.0004
168 0.0004
1766 0.0004
3046 0.000399
1379 0.000399
143 0.000399
1303 0.000399
913 0.000399
254 0.000399
3601 0.000399
3012 0.000399
1440 0.000399
956 0.000398
508 0.000398
1784 0.000398
3380 0.000398
2743 0.000398
3463 0.000397
1044 0.000397
3880 0.000397
677 0.000397
303 0.000397
2272 0.000397
3512 0.000397
3837 0.000397
1686 0.000397
2983 0.000396
1667 0.000396
264 0.000396
729 0.000396
1659 0.000396
3803 0.000395
681 0.000395
3652 0.000395
3864 0.000395
3700 0.000395
3079 0.000395
2623 0.000395
1564 0.000394
1289 0.000394
2062 0.000394
1753 0.000394
2813 0.000394
1226 0.000394
3757 0.000394
2612 0.000394
3216 0.000394
906 0.000394
2717 0.000394
597 0.000393
3144 0.000393
1123 0.000393
2467 0.000393
2751 0.000393
3844 0.000393
3491 0.000393
3571 0.000393
3904 0.000392
2480 0.000392
3 0.000392
3158 0.000392
1229 0.000392
912 0.000392
599 0.000392
1572 0.000392
845 0.000392
2506 0.000391
2261 0.000391
1400 0.000391
3029 0.000391
589 0.000391
3862 0.00039
3550 0.00039
3497 0.00039
409 0.00039
259 0.00039
91 0.00039
2583 0.00039
2343 0.00039
2783 0.00039
675 0.00039
3062 0.00039
793 0.000389
3573 0.000389
1180 0.000389
2459 0.000389
3555 0.000389
1778 0.000389
3208 0.000389
3340 0.000389
625 0.000389
2739 0.000389
2861 0.000389
1756 0.000388
1198 0.000388
3141 0.000388
133 0.000388
476 0.000388
1704 0.000387
3312 0.000387
3519 0.000387
3944 0.000387
2101 0.000387
3404 0.000387
1925 0.000386
1209 0.000386
3535 0.000386
716 0.000385
1 0.000385
714 0.000385
3548 0.000385
1702 0.000384
64 0.000384
251 0.000384
187 0.000384
934 0.000384
367 0.000384
130 0.000384
2908 0.000383
3784 0.000383
330 0.000383
771 0.000383
331 0.000383
57 0.000383
3909 0.000382
1539 0.000382
2009 0.000382
1016 0.000382
2478 0.000382
5 0.000381
3510 0.000381
3707 0.000381
3943 0.000381
838 0.000381
927 0.000381
1470 0.000381
1425 0.000381
3048 0.000381
670 0.000381
1357 0.000381
897 0.00038
398 0.00038
2077 0.00038
981 0.000379
1524 0.000379
3668 0.000379
1803 0.000379
3259 0.000379
2360 0.000379
1840 0.000379
3908 0.000378
2776 0.000378
3786 0.000378
3504 0.000378
3341 0.000378
3244 0.000378
1001 0.000377
2970 0.000377
3068 0.000377
437 0.000377
2092 0.000376
1283 0.000376
3642 0.000376
2237 0.000376
1852 0.000376
628 0.000376
2046 0.000376
1764 0.000376
2536 0.000376
650 0.000376
2027 0.000376
1737 0.000376
2329 0.000376
1240 0.000375
1319 0.000375
1909 0.000375
1553 0.000375
2948 0.000375
676 0.000375
1415 0.000374
2711 0.000374
836 0.000374
884 0.000374
3812 0.000374
2929 0.000374
1375 0.000374
1183 0.000373
3081 0.000373
1859 0.000373
482 0.000373
546 0.000373
1532 0.000373
3579 0.000373
3465 0.000373
999 0.000372
2760 0.000372
940 0.000372
1088 0.000371
1677 0.000371
1592 0.000371
1767 0.00037
1953 0.00037
3010 0.00037
1421 0.00037
2259 0.00037
683 0.000369
2631 0.000369
96 0.000369
669 0.000369
2823 0.000369
1384 0.000369
3736 0.000369
3435 0.000369
1911 0.000368
2225 0.000368
3739 0.000368
3917 0.000368
2023 0.000368
1127 0.000368
473 0.000368
1225 0.000368
3578 0.000367
1299 0.000367
1615 0.000367
2874 0.000367
487 0.000367
3047 0.000367
1274 0.000367
3832 0.000367
1928 0.000367
1323 0.000367
577 0.000366
552 0.000366
384 0.000366
2146 0.000366
1268 0.000366
3105 0.000366
1544 0.000366
1098 0.000366
1135 0.000366
1207 0.000365
3670 0.000365
2036 0.000365
3509 0.000365
1170 0.000365
3697 0.000365
3916 0.000365
2474 0.000365
268 0.000365
3251 0.000365
1765 0.000365
2829 0.000365
1402 0.000365
32 0.000365
3313 0.000364
758 0.000364
1493 0.000364
902 0.000364
44 0.000364
2226 0.000364
173 0.000364
2962 0.000364
1279 0.000364
2653 0.000364
635 0.000364
1653 0.000364
2207 0.000363
1246 0.000363
1215 0.000363
3788 0.000363
1171 0.000363
1315 0.000363
1889 0.000362
1896 0.000362
2345 0.000362
3520 0.000362
257 0.000362
1314 0.000362
1165 0.000361
2098 0.000361
380 0.000361
3940 0.000361
1538 0.000361
867 0.000361
3156 0.00036
2315 0.00036
789 0.00036
3458 0.00036
3772 0.00036
1571 0.00036
3368 0.000359
3632 0.000359
3866 0.000359
1446 0.000358
1614 0.000358
3018 0.000358
3796 0.000358
4019 0.000358
3949 0.000358
3783 0.000358
863 0.000358
1878 0.000358
3444 0.000358
1182 0.000358
755 0.000357
1309 0.000357
3203 0.000357
344 0.000357
2968 0.000357
1956 0.000356
1514 0.000356
2744 0.000356
2494 0.000356
3992 0.000356
977 0.000356
2418 0.000356
3492 0.000356
568 0.000356
2876 0.000356
1782 0.000355
3981 0.000355
2157 0.000355
2622 0.000355
3221 0.000355
2770 0.000355
3192 0.000355
2497 0.000355
904 0.000355
1582 0.000355
3701 0.000355
2579 0.000355
740 0.000354
440 0.000354
1177 0.000354
3645 0.000354
2432 0.000354
1706 0.000354
1897 0.000354
2445 0.000354
3527 0.000354
3975 0.000353
1433 0.000353
3474 0.000353
1138 0.000353
1074 0.000353
1671 0.000353
177 0.000353
2570 0.000353
4012 0.000353
3318 0.000352
3285 0.000352
582 0.000352
3178 0.000352
510 0.000352
3231 0.000352
528 0.000352
1106 0.000352
1891 0.000352
2456 0.000352
159 0.000352
2576 0.000352
614 0.000351
2713 0.000351
16 0.000351
306 0.000351
273 0.000351
218 0.000351
195 0.000351
78 0.000351
2888 0.000351
701 0.000351
807 0.00035
1429 0.00035
300 0.00035
4028 0.00035
2401 0.00035
795 0.00035
1543 0.00035
1313 0.00035
3336 0.000349
3647 0.000349
152 0.000349
796 0.000349
1450 0.000349
2633 0.000349
2681 0.000349
1382 0.000349
3676 0.000348
3623 0.000348
3874 0.000348
3024 0.000348
1790 0.000348
835 0.000347
3279 0.000347
2618 0.000347
243 0.000347
1847 0.000347
3493 0.000347
2306 0.000347
2688 0.000346
2544 0.000346
3415 0.000346
481 0.000346
3303 0.000346
1863 0.000346
2421 0.000345
2585 0.000345
782 0.000345
2011 0.000345
2477 0.000345
359 0.000345
59 0.000345
3685 0.000345
1931 0.000344
1727 0.000344
469 0.000344
511 0.000344
1281 0.000344
2424 0.000344
230 0.000343
2627 0.000343
1748 0.000343
134 0.000343
1196 0.000343
1957 0.000343
3377 0.000343
2089 0.000343
2978 0.000343
777 0.000342
1780 0.000342
2499 0.000342
3876 0.000342
808 0.000342
2316 0.000342
2835 0.000342
1892 0.000341
958 0.000341
915 0.000341
2670 0.000341
756 0.000341
603 0.000341
900 0.000341
1921 0.000341
3470 0.000341
769 0.00034
3066 0.00034
1410 0.00034
928 0.00034
3881 0.00034
30 0.000339
3595 0.000339
3181 0.000339
3131 0.000339
2930 0.000339
1245 0.000339
2563 0.000339
457 0.000339
3567 0.000339
3979 0.000339
1152 0.000338
645 0.000338
3257 0.000338
3600 0.000338
1708 0.000338
2548 0.000338
1747 0.000338
150 0.000338
472 0.000338
2476 0.000338
2097 0.000338
3301 0.000338
3292 0.000337
2889 0.000337
1858 0.000337
3602 0.000337
3898 0.000337
809 0.000336
1030 0.000336
3985 0.000336
3993 0.000336
1116 0.000336
2489 0.000336
3325 0.000335
3462 0.000335
471 0.000335
857 0.000334
2650 0.000334
1130 0.000334
3660 0.000334
3273 0.000334
3394 0.000334
711 0.000334
1776 0.000334
501 0.000334
441 0.000334
399 0.000334
1437 0.000334
1142 0.000333
3014 0.000333
666 0.000333
1722 0.000333
1317 0.000333
3498 0.000333
2406 0.000333
2016 0.000333
3675 0.000333
2795 0.000333
1836 0.000332
2577 0.000332
1310 0.000332
2887 0.000332
543 0.000331
920 0.000331
3903 0.000331
3952 0.000331
878 0.000331
2286 0.000331
1306 0.000331
2775 0.00033
685 0.00033
445 0.00033
3164 0.00033
1047 0.00033
852 0.00033
647 0.00033
1900 0.00033
2486 0.000329
779 0.000329
605 0.000329
1535 0.000329
2663 0.000329
1877 0.000329
3618 0.000328
1453 0.000328
3431 0.000328
1043 0.000328
1244 0.000328
1873 0.000328
2614 0.000328
2587 0.000327
2367 0.000327
2639 0.000327
3225 0.000327
3376 0.000327
1640 0.000327
572 0.000327
1696 0.000327
898 0.000327
1903 0.000326
2297 0.000326
2349 0.000326
518 0.000326
4025 0.000326
4007 0.000326
3990 0.000326
60 0.000326
2 0.000325
672 0.000325
2462 0.000325
1167 0.000325
3459 0.000325
2803 0.000325
2745 0.000325
2574 0.000325
3999 0.000324
3057 0.000324
225 0.000324
2854 0.000324
3446 0.000324
2170 0.000324
2528 0.000324
623 0.000324
2242 0.000324
361 0.000324
539 0.000324
880 0.000323
1743 0.000323
2703 0.000323
861 0.000323
2096 0.000323
337 0.000323
3785 0.000323
1174 0.000323
220 0.000322
3053 0.000322
1499 0.000322
1197 0.000322
983 0.000322
3211 0.000322
3819 0.000322
874 0.000322
354 0.000322
3657 0.000321
2405 0.000321
1035 0.000321
3591 0.000321
2243 0.000321
2213 0.000321
2900 0.000321
2816 0.00032
741 0.00032
1492 0.00032
4018 0.00032
415 0.00032
1674 0.00032
480 0.00032
595 0.00032
2385 0.00032
1606 0.00032
3845 0.000319
3308 0.000319
3352 0.000319
665 0.000319
4036 0.000319
1190 0.000319
3802 0.000319
1025 0.000319
1139 0.000319
1351 0.000318
783 0.000318
3482 0.000318
1763 0.000318
1994 0.000318
1626 0.000318
2210 0.000317
1484 0.000317
208 0.000317
2197 0.000317
421 0.000316
1811 0.000316
3726 0.000316
3213 0.000316
1726 0.000316
2222 0.000316
124 0.000316
1164 0.000316
812 0.000315
3646 0.000315
4013 0.000315
123 0.000315
1287 0.000315
2658 0.000315
519 0.000315
1908 0.000315
356 0.000315
2792 0.000314
3547 0.000314
2318 0.000314
1695 0.000314
3309 0.000314
1629 0.000314
3129 0.000314
2429 0.000314
2085 0.000314
3561 0.000314
1550 0.000314
3863 0.000314
1682 0.000314
554 0.000313
3238 0.000313
1513 0.000313
1595 0.000313
2366 0.000313
278 0.000313
1457 0.000313
2288 0.000313
2846 0.000312
2012 0.000312
3572 0.000312
3823 0.000312
1754 0.000312
3989 0.000312
3775 0.000312
2473 0.000312
2215 0.000312
707 0.000312
1815 0.000312
2465 0.000312
2400 0.000311
340 0.000311
3088 0.000311
611 0.000311
2346 0.000311
3712 0.00031
2337 0.00031
3724 0.00031
2425 0.00031
742 0.00031
540 0.00031
2933 0.00031
3454 0.00031
909 0.000309
3735 0.000309
3883 0.000309
3695 0.000309
3649 0.000309
3613 0.000309
3562 0.000309
3479 0.000309
4032 0.000309
3166 0.000309
2959 0.000309
1393 0.000309
2626 0.000309
3041 0.000309
2934 0.000309
3541 0.000308
1062 0.000308
1556 0.000308
2080 0.000308
3517 0.000308
3563 0.000307
1054 0.000307
3023 0.000307
3382 0.000307
2217 0.000307
601 0.000307
3552 0.000306
458 0.000306
3485 0.000306
2824 0.000306
1015 0.000306
2819 0.000306
29 0.000305
2693 0.000305
1999 0.000305
3215 0.000305
1115 0.000305
2591 0.000305
2214 0.000305
3741 0.000304
3683 0.000304
709 0.000304
2870 0.000304
3112 0.000304
3223 0.000304
3627 0.000304
788 0.000303
2632 0.000303
1981 0.000303
258 0.000303
753 0.000303
58 0.000303
55 0.000303
2391 0.000303
2450 0.000302
462 0.000302
1958 0.000302
3936 0.000302
972 0.000302
3319 0.000302
1285 0.000302
1224 0.000302
1781 0.000302
778 0.000302
2997 0.000301
598 0.000301
700 0.000301
3513 0.000301
2204 0.000301
489 0.000301
256 0.000301
244 0.000301
2048 0.0003
309 0.0003
135 0.0003
1578 0.0003
2179 0.0003
1719 0.0003
52 0.0003
1363 0.0003
3533 0.0003
1364 0.0003
1201 0.000299
2312 0.000299
1008 0.000299
2686 0.000299
971 0.000299
3234 0.000299
868 0.000299
962 0.000299
1140 0.000299
1990 0.000298
345 0.000298
2426 0.000298
2807 0.000298
357 0.000298
2804 0.000298
1649 0.000297
246 0.000297
3388 0.000297
989 0.000297
3424 0.000297
763 0.000297
1664 0.000297
3379 0.000297
85 0.000296
112 0.000296
1681 0.000296
594 0.000296
2044 0.000296
2100 0.000295
633 0.000295
3682 0.000295
3428 0.000295
2554 0.000295
3139 0.000295
2702 0.000295
1187 0.000295
1585 0.000295
1497 0.000294
3186 0.000294
274 0.000294
3314 0.000294
2637 0.000294
3432 0.000293
3283 0.000293
1311 0.000293
1952 0.000293
1419 0.000293
1325 0.000293
3483 0.000292
3423 0.000292
3523 0.000292
3481 0.000292
1248 0.000292
551 0.000292
2082 0.000292
39 0.000292
2845 0.000292
103 0.000292
3450 0.000292
2879 0.000291
178 0.000291
2198 0.000291
1045 0.000291
706 0.000291
418 0.000291
2455 0.000291
3789 0.000291
1121 0.000291
2008 0.000291
3929 0.000291
832 0.00029
1552 0.00029
2388 0.00029
3123 0.00029
2029 0.00029
3399 0.00029
3895 0.00029
3539 0.00029
2902 0.00029
1638 0.00029
486 0.00029
1372 0.00029
704 0.000289
3913 0.000289
831 0.000289
3013 0.000289
2789 0.000289
1208 0.000289
1792 0.000289
2496 0.000289
3337 0.000289
1700 0.000289
1738 0.000289
2851 0.000289
730 0.000289
1542 0.000289
2208 0.000288
2884 0.000288
93 0.000288
3815 0.000288
450 0.000287
1818 0.000287
2209 0.000287
2797 0.000287
2918 0.000287
3135 0.000287
1633 0.000286
2003 0.000286
2407 0.000286
2771 0.000286
451 0.000285
3937 0.000285
2181 0.000285
2762 0.000285
120 0.000285
1406 0.000285
949 0.000285
2581 0.000285
2979 0.000285
969 0.000285
1438 0.000285
2572 0.000284
2752 0.000284
105 0.000284
319 0.000284
89 0.000284
494 0.000284
3278 0.000284
3658 0.000284
1537 0.000283
1989 0.000283
2673 0.000283
887 0.000283
873 0.000283
393 0.000283
3171 0.000283
3762 0.000283
1906 0.000283
3808 0.000283
2285 0.000282
1350 0.000282
3138 0.000282
2825 0.000282
1635 0.000282
3641 0.000281
825 0.000281
3075 0.000281
3894 0.000281
3598 0.00028
955 0.00028
3502 0.00028
1698 0.00028
1531 0.00028
1679 0.00028
626 0.00028
3487 0.00028
3092 0.00028
2168 0.00028
3659 0.00028
2390 0.00028
3402 0.000279
3155 0.000279
3855 0.000279
2667 0.000279
2293 0.000279
3766 0.000278
3268 0.000278
3354 0.000278
3218 0.000278
3122 0.000278
2547 0.000278
2852 0.000277
737 0.000277
2953 0.000277
2353 0.000277
1963 0.000277
2075 0.000277
682 0.000277
2701 0.000277
2155 0.000276
3778 0.000276
1218 0.000276
1850 0.000276
509 0.000276
3663 0.000276
1264 0.000276
1561 0.000276
2525 0.000276
66 0.000275
495 0.000275
3818 0.000275
2058 0.000275
3626 0.000275
1485 0.000275
2735 0.000275
76 0.000275
2221 0.000275
1774 0.000274
3044 0.000274
290 0.000274
3329 0.000274
1219 0.000274
1084 0.000274
3744 0.000274
3560 0.000274
75 0.000274
3773 0.000274
240 0.000273
798 0.000273
1650 0.000273
2513 0.000273
1213 0.000273
217 0.000273
228 0.000273
2818 0.000273
2886 0.000273
2584 0.000273
222 0.000273
1566 0.000272
622 0.000272
3209 0.000272
162 0.000272
2518 0.000272
3857 0.000272
2314 0.000272
453 0.000271
3306 0.000271
3007 0.000271
1168 0.000271
2682 0.000271
2850 0.000271
3588 0.00027
263 0.00027
886 0.00027
2982 0.00027
3816 0.00027
3703 0.00027
1996 0.00027
2452 0.00027
919 0.00027
3103 0.00027
1922 0.000269
2697 0.000269
3237 0.000269
2977 0.000269
167 0.000269
794 0.000269
2736 0.000269
3271 0.000269
110 0.000268
1924 0.000268
558 0.000268
1169 0.000268
3250 0.000268
160 0.000268
87 0.000268
1625 0.000268
413 0.000268
1202 0.000268
1081 0.000267
288 0.000267
1033 0.000267
314 0.000267
474 0.000267
2677 0.000267
2025 0.000267
799 0.000266
2858 0.000266
2779 0.000266
2907 0.000266
336 0.000266
2830 0.000266
882 0.000266
1200 0.000266
2034 0.000266
1851 0.000266
3222 0.000265
837 0.000265
660 0.000265
850 0.000265
1478 0.000265
164 0.000265
3374 0.000264
3769 0.000264
765 0.000264
1779 0.000264
1734 0.000264
3390 0.000263
3763 0.000263
2256 0.000263
2759 0.000263
3715 0.000263
979 0.000263
1451 0.000263
746 0.000263
959 0.000263
22 0.000262
2731 0.000262
139 0.000262
1760 0.000262
2733 0.000262
3622 0.000262
333 0.000262
2439 0.000262
2580 0.000262
3911 0.000262
3813 0.000262
3669 0.000262
996 0.000261
3551 0.000261
2831 0.000261
2114 0.000261
1252 0.000261
2568 0.000261
2110 0.00026
722 0.00026
3241 0.00026
2502 0.00026
767 0.00026
3436 0.00026
1141 0.00026
1195 0.00026
2534 0.00026
939 0.00026
2761 0.00026
3063 0.00026
870 0.000259
2938 0.000259
3581 0.000259
2479 0.000259
3630 0.000259
1220 0.000259
1476 0.000259
1907 0.000259
3905 0.000259
3193 0.000258
121 0.000258
3262 0.000258
2330 0.000258
3574 0.000258
881 0.000258
2609 0.000258
216 0.000258
994 0.000258
2808 0.000257
3170 0.000257
3919 0.000257
3639 0.000257
3393 0.000257
1801 0.000257
2737 0.000257
3503 0.000257
403 0.000257
1095 0.000256
693 0.000256
468 0.000256
1846 0.000256
362 0.000256
2809 0.000256
1503 0.000256
425 0.000255
3307 0.000255
2859 0.000255
3531 0.000255
1519 0.000255
3923 0.000254
2113 0.000254
1223 0.000254
4024 0.000254
4008 0.000254
3984 0.000254
2402 0.000254
73 0.000254
575 0.000253
2535 0.000253
3383 0.000253
2379 0.000253
2788 0.000252
2935 0.000252
3583 0.000252
2566 0.000252
2523 0.000252
151 0.000252
49 0.000251
1723 0.000251
2692 0.000251
1111 0.000251
1526 0.000251
2490 0.000251
189 0.000251
2557 0.000251
2980 0.000251
2529 0.00025
407 0.00025
3594 0.00025
951 0.00025
3817 0.00025
2435 0.00025
2799 0.00025
1773 0.000249
2387 0.000249
871 0.000249
3205 0.000249
2193 0.000249
2252 0.000249
3083 0.000249
3889 0.000249
3289 0.000249
2606 0.000248
590 0.000248
1965 0.000248
2699 0.000248
2923 0.000248
1186 0.000248
1418 0.000247
652 0.000247
3688 0.000247
3585 0.000247
1875 0.000247
1398 0.000247
505 0.000247
2515 0.000247
3987 0.000247
3928 0.000247
316 0.000246
45 0.000246
1441 0.000246
2415 0.000246
4003 0.000246
1293 0.000246
2057 0.000246
2137 0.000246
1403 0.000246
2055 0.000245
565 0.000245
3530 0.000245
2239 0.000245
1749 0.000245
3061 0.000245
1870 0.000244
2287 0.000244
2277 0.000244
3732 0.000244
3421 0.000243
193 0.000243
3814 0.000243
2822 0.000243
3614 0.000243
3621 0.000243
631 0.000243
2957 0.000243
3901 0.000242
2119 0.000242
3173 0.000242
3373 0.000241
689 0.000241
426 0.000241
2403 0.000241
3566 0.00024
744 0.00024
3359 0.00024
3167 0.00024
2524 0.00024
3665 0.00024
3039 0.00024
65 0.00024
1321 0.00024
298 0.00024
1885 0.000239
3199 0.000239
1247 0.000239
843 0.000239
3405 0.000239
1294 0.000238
2952 0.000238
1089 0.000238
79 0.000238
498 0.000238
574 0.000237
893 0.000237
3322 0.000237
3126 0.000237
2301 0.000237
448 0.000236
2705 0.000236
2740 0.000236
2704 0.000236
2389 0.000236
860 0.000236
341 0.000236
245 0.000236
1389 0.000235
702 0.000235
933 0.000235
2238 0.000235
3157 0.000235
2687 0.000235
4037 0.000234
2726 0.000234
3430 0.000234
2380 0.000234
2791 0.000234
3704 0.000234
2503 0.000234
1745 0.000233
410 0.000233
3189 0.000233
2562 0.000233
3242 0.000233
219 0.000232
656 0.000232
2487 0.000232
2281 0.000232
725 0.000232
648 0.000232
427 0.000232
2860 0.000232
1381 0.000231
3050 0.000231
131 0.000231
3343 0.000231
991 0.000231
3069 0.00023
970 0.00023
2987 0.00023
1458 0.00023
3294 0.00023
102 0.00023
3723 0.00023
50 0.00023
1843 0.00023
3849 0.00023
470 0.00023
3751 0.00023
1856 0.000229
879 0.000229
1829 0.000228
3515 0.000228
786 0.000228
1278 0.000228
3522 0.000228
2947 0.000228
295 0.000228
2017 0.000228
2162 0.000227
791 0.000227
165 0.000227
762 0.000227
1249 0.000227
895 0.000226
3243 0.000226
3246 0.000226
639 0.000226
723 0.000226
3043 0.000225
961 0.000225
1434 0.000225
3361 0.000225
2805 0.000225
1678 0.000225
811 0.000225
3410 0.000225
1407 0.000225
2274 0.000225
2355 0.000225
892 0.000224
2357 0.000224
3009 0.000224
2981 0.000224
1090 0.000224
3770 0.000224
3878 0.000223
1978 0.000223
2070 0.000223
3042 0.000223
3286 0.000223
2965 0.000223
292 0.000223
12 0.000223
1934 0.000223
2967 0.000223
318 0.000223
3110 0.000223
3767 0.000223
95 0.000222
446 0.000222
126 0.000222
3408 0.000222
174 0.000222
1365 0.000222
2926 0.000222
147 0.000221
6 0.000221
2362 0.000221
1234 0.000221
826 0.000221
146 0.000221
351 0.000221
2727 0.000221
3109 0.000221
3489 0.00022
3777 0.00022
813 0.00022
1134 0.00022
1055 0.00022
922 0.00022
751 0.00022
2449 0.00022
381 0.00022
1254 0.00022
1739 0.00022
3749 0.00022
3607 0.000219
3409 0.000219
965 0.000219
1061 0.000219
943 0.000219
3654 0.000219
3742 0.000219
3827 0.000219
375 0.000219
1161 0.000218
2443 0.000218
2437 0.000218
2373 0.000218
4011 0.000217
2041 0.000217
1641 0.000217
3856 0.000217
3820 0.000217
3748 0.000217
634 0.000217
3745 0.000217
2050 0.000217
3245 0.000216
692 0.000216
38 0.000216
974 0.000215
3787 0.000215
1266 0.000215
3194 0.000215
1987 0.000215
1575 0.000215
668 0.000215
624 0.000215
608 0.000215
3425 0.000215
3631 0.000214
1176 0.000214
237 0.000214
83 0.000214
51 0.000214
2147 0.000214
3371 0.000213
3661 0.000213
3093 0.000213
3447 0.000213
69 0.000213
2141 0.000213
3045 0.000212
2105 0.000212
3727 0.000212
3326 0.000211
3311 0.000211
1276 0.000211
973 0.000211
1890 0.00021
1822 0.00021
3671 0.00021
1286 0.00021
931 0.00021
2466 0.000209
2883 0.000209
3543 0.000209
2954 0.000209
1942 0.000209
1077 0.000209
1241 0.000209
1489 0.000208
3229 0.000208
1251 0.000208
1869 0.000208
477 0.000208
1933 0.000207
1150 0.000207
1560 0.000207
1096 0.000207
3871 0.000207
4005 0.000207
1005 0.000207
3067 0.000206
10 0.000206
3095 0.000206
855 0.000206
717 0.000206
2255 0.000206
1657 0.000206
910 0.000206
269 0.000206
3190 0.000205
2596 0.000205
521 0.000205
201 0.000205
1050 0.000205
1105 0.000205
1002 0.000205
54 0.000205
2571 0.000205
1562 0.000204
2291 0.000204
1178 0.000204
2519 0.000204
1422 0.000203
2051 0.000203
905 0.000203
467 0.000203
86 0.000203
3427 0.000203
3338 0.000203
733 0.000203
2891 0.000202
4033 0.000202
2995 0.000202
2707 0.000202
3771 0.000202
569 0.000202
3806 0.000202
2709 0.000201
1517 0.000201
1915 0.000201
2106 0.000201
866 0.0002
3130 0.0002
1481 0.000199
759 0.000199
106 0.000199
262 0.000198
522 0.000198
3507 0.000198
449 0.000198
3058 0.000198
1265 0.000197
663 0.000197
2531 0.000197
3349 0.000197
3037 0.000197
2691 0.000197
3963 0.000197
1053 0.000197
1901 0.000197
3357 0.000196
2837 0.000196
1042 0.000196
283 0.000196
2310 0.000196
1385 0.000196
3441 0.000196
347 0.000195
3163 0.000195
163 0.000195
433 0.000195
282 0.000195
233 0.000195
3961 0.000194
877 0.000194
3151 0.000194
3249 0.000194
3445 0.000194
858 0.000194
2311 0.000193
1193 0.000193
3666 0.000193
3694 0.000193
129 0.000193
2747 0.000192
3914 0.000192
2941 0.000192
311 0.000192
3401 0.000192
1518 0.000192
2847 0.000192
1802 0.000192
2245 0.000191
1618 0.000191
2067 0.000191
2678 0.000191
3958 0.000191
1905 0.00019
3153 0.00019
2163 0.00019
1805 0.00019
3603 0.000189
869 0.000189
821 0.000189
2130 0.000189
1658 0.000189
2893 0.000188
2685 0.000188
3991 0.000188
490 0.000188
3414 0.000187
3934 0.000187
459 0.000187
3606 0.000187
3127 0.000187
3074 0.000187
3055 0.000187
2774 0.000187
1073 0.000187
1930 0.000187
2453 0.000187
2263 0.000187
3210 0.000187
1387 0.000186
2710 0.000186
890 0.000186
2258 0.000186
317 0.000186
1830 0.000186
1670 0.000185
2393 0.000185
3681 0.000185
3899 0.000185
646 0.000185
1527 0.000185
405 0.000185
1982 0.000185
3843 0.000184
429 0.000184
1814 0.000184
3254 0.000184
1203 0.000184
2834 0.000183
914 0.000183
1477 0.000183
2826 0.000183
3973 0.000182
715 0.000182
2794 0.000181
2530 0.000181
2321 0.000181
761 0.00018
2990 0.00018
382 0.00018
541 0.00018
411 0.00018
3099 0.00018
3754 0.000179
1646 0.000179
2094 0.000179
221 0.000179
937 0.000179
3897 0.000179
1087 0.000179
690 0.000179
1599 0.000178
435 0.000178
157 0.000178
1883 0.000178
691 0.000178
1397 0.000178
46 0.000177
270 0.000177
1013 0.000177
2186 0.000177
3941 0.000177
77 0.000177
1769 0.000177
2769 0.000176
3887 0.000176
4029 0.000176
4001 0.000176
2099 0.000176
442 0.000175
2878 0.000175
865 0.000175
3091 0.000175
2721 0.000175
2671 0.000175
1607 0.000175
2251 0.000175
950 0.000175
2234 0.000174
621 0.000174
986 0.000174
1094 0.000173
1594 0.000173
2882 0.000172
3893 0.000172
3407 0.000172
3477 0.000172
1693 0.000172
2898 0.000171
3970 0.000171
229 0.000171
1039 0.000171
338 0.000171
2917 0.000171
535 0.000171
2723 0.000171
179 0.00017
1817 0.00017
2265 0.00017
1913 0.00017
1007 0.00017
3358 0.000169
549 0.000169
3269 0.000169
2790 0.000169
3266 0.000168
894 0.000168
3133 0.000168
2903 0.000168
657 0.000168
533 0.000168
2641 0.000168
1091 0.000167
3755 0.000167
2350 0.000167
2621 0.000167
3834 0.000167
3121 0.000167
3398 0.000167
478 0.000167
3461 0.000166
679 0.000165
491 0.000165
502 0.000165
2158 0.000165
466 0.000165
802 0.000164
117 0.000164
529 0.000164
985 0.000164
2725 0.000164
2801 0.000164
2634 0.000163
3805 0.000163
2065 0.000162
790 0.000162
3315 0.000162
2413 0.000162
757 0.000162
1342 0.000162
710 0.000162
3839 0.000162
1154 0.000162
2375 0.000161
3925 0.000161
327 0.000161
3954 0.000161
190 0.000161
4006 0.000161
534 0.000161
3147 0.00016
2817 0.00016
629 0.00016
3653 0.00016
1443 0.00016
3418 0.00016
1069 0.00016
1501 0.00016
1821 0.000159
3281 0.000159
2766 0.000159
307 0.000158
166 0.000158
1759 0.000158
2303 0.000157
2821 0.000157
1063 0.000157
1023 0.000157
3537 0.000157
3717 0.000156
3691 0.000156
3015 0.000156
1853 0.000156
2942 0.000156
2249 0.000155
587 0.000155
3637 0.000155
289 0.000155
206 0.000155
1977 0.000155
1949 0.000155
2635 0.000155
3859 0.000155
3197 0.000154
1093 0.000154
2746 0.000154
2298 0.000154
2270 0.000154
1961 0.000154
1057 0.000154
2961 0.000154
2295 0.000153
926 0.000153
235 0.000153
155 0.000153
3678 0.000152
1143 0.000152
182 0.000152
205 0.000152
3367 0.000151
1445 0.000151
3983 0.000151
846 0.000151
987 0.00015
721 0.00015
3699 0.00015
247 0.00015
3977 0.00015
1602 0.00015
386 0.000149
27 0.000149
1162 0.000149
202 0.000148
3953 0.000148
293 0.000148
3457 0.000147
81 0.000147
406 0.000147
1731 0.000146
2565 0.000146
3290 0.000146
923 0.000146
2431 0.000146
2895 0.000146
1771 0.000146
253 0.000146
97 0.000146
3619 0.000146
3389 0.000145
3334 0.000145
2427 0.000144
1838 0.000144
1297 0.000144
2019 0.000144
61 0.000144
1950 0.000144
454 0.000143
2227 0.000143
63 0.000143
3939 0.000143
1701 0.000143
2166 0.000142
1194 0.000142
655 0.000142
4034 0.000141
1295 0.00014
301 0.00014
34 0.00014
2185 0.000139
3165 0.000139
735 0.000138
1058 0.000138
499 0.000138
2021 0.000138
2205 0.000137
2383 0.000137
3270 0.000137
2613 0.000137
2167 0.000137
71 0.000137
3159 0.000136
3890 0.000136
3333 0.000135
3003 0.000135
2838 0.000135
3673 0.000135
1486 0.000133
3227 0.000133
1439 0.000133
2802 0.000133
250 0.000133
2767 0.000133
907 0.000133
2811 0.000132
3030 0.000132
2015 0.000132
1710 0.000132
593 0.000132
2885 0.000131
3565 0.000131
2605 0.00013
2305 0.00013
3910 0.00013
2014 0.00013
3202 0.00013
3235 0.00013
3161 0.00013
2695 0.000129
3795 0.000129
1474 0.000128
3310 0.000128
2422 0.000128
3946 0.000128
3781 0.000128
586 0.000128
1887 0.000128
1461 0.000128
3882 0.000127
321 0.000127
1631 0.000127
349 0.000127
1401 0.000126
1490 0.000126
2182 0.000126
385 0.000126
255 0.000125
241 0.000125
3733 0.000125
1506 0.000124
1654 0.000124
3965 0.000124
3317 0.000124
42 0.000124
33 0.000124
3059 0.000124
2899 0.000124
3801 0.000124
2527 0.000123
649 0.000123
2013 0.000122
2514 0.000121
1974 0.000121
1301 0.000121
1865 0.000121
2262 0.000121
145 0.00012
90 0.00012
929 0.000119
1586 0.000119
1046 0.000119
3494 0.000119
2651 0.000118
1627 0.000118
1027 0.000118
1103 0.000118
365 0.000118
3865 0.000118
2177 0.000117
1874 0.000117
2066 0.000116
3811 0.000116
3978 0.000115
2454 0.000115
1411 0.000115
1697 0.000115
3846 0.000114
3746 0.000114
286 0.000114
1133 0.000114
2522 0.000114
998 0.000113
3305 0.000113
294 0.000113
3323 0.000113
2922 0.000113
1253 0.000112
1071 0.000112
390 0.000112
851 0.000112
2599 0.000112
1711 0.000112
859 0.000112
191 0.000112
1354 0.000112
3575 0.000112
485 0.000112
47 0.000112
3370 0.000112
1353 0.000111
743 0.000111
383 0.000111
2595 0.000111
2483 0.000111
125 0.000111
1855 0.000111
2481 0.000111
562 0.000111
3217 0.00011
642 0.00011
581 0.00011
3765 0.00011
3429 0.00011
3175 0.000109
2358 0.000109
1937 0.000109
2441 0.000108
3686 0.000108
443 0.000108
935 0.000108
379 0.000107
371 0.000107
1442 0.000107
3094 0.000107
1414 0.000107
3582 0.000106
1498 0.000106
3922 0.000106
1579 0.000106
305 0.000106
4035 0.000106
4022 0.000106
4015 0.000106
4010 0.000106
154 0.000105
530 0.000105
667 0.000105
1713 0.000105
267 0.000105
70 0.000105
2178 0.000105
2545 0.000104
401 0.000104
671 0.000104
138 0.000103
2175 0.000103
207 0.000103
2505 0.000103
841 0.000103
610 0.000102
785 0.000102
1394 0.000102
3885 0.000102
1797 0.000101
35 0.000101
279 0.000101
3955 0.000101
2975 0.000101
775 0.0001
749 0.0001
1157 0.0001
1777 0.0001
3589 0.0001
3597 0.0001
1546 9.9e-05
3467 9.9e-05
3689 9.9e-05
673 9.9e-05
3807 9.8e-05
854 9.8e-05
1463 9.7e-05
2517 9.7e-05
2857 9.7e-05
1455 9.7e-05
1038 9.7e-05
3875 9.7e-05
2230 9.7e-05
2971 9.6e-05
1263 9.5e-05
1521 9.5e-05
1151 9.5e-05
1031 9.4e-05
377 9.4e-05
3143 9.3e-05
1239 9.3e-05
1147 9.3e-05
2541 9.2e-05
2382 9.2e-05
3879 9.2e-05
3854 9.2e-05
183 9.2e-05
153 9.1e-05
899 9.1e-05
1346 9.1e-05
1383 9.1e-05
2855 9.1e-05
699 9e-05
1762 9e-05
1775 9e-05
234 8.8e-05
571 8.8e-05
2963 8.8e-05
2219 8.7e-05
1510 8.7e-05
3942 8.7e-05
1022 8.6e-05
945 8.5e-05
3959 8.4e-05
2493 8.4e-05
750 8.4e-05
3375 8.4e-05
2714 8.3e-05
2998 8.3e-05
1326 8.2e-05
1417 8.2e-05
2814 8.1e-05
3413 8e-05
1558 8e-05
1362 7.8e-05
1034 7.8e-05
1270 7.7e-05
891 7.6e-05
883 7.6e-05
875 7.6e-05
2722 7.6e-05
2798 7.5e-05
1854 7.5e-05
3134 7.5e-05
335 7.5e-05
287 7.5e-05
215 7.5e-05
210 7.5e-05
209 7.5e-05
114 7.5e-05
74 7.5e-05
43 7.5e-05
37 7.5e-05
18 7.5e-05
15 7.5e-05
11 7.5e-05
1430 7.3e-05
3125 7.2e-05
3282 7.2e-05
1233 7.2e-05
1651 7.2e-05
1065 7.1e-05
1969 6.9e-05
1690 6.9e-05
3006 6.9e-05
3974 6.9e-05
3935 6.9e-05
3853 6.9e-05
3798 6.9e-05
3729 6.9e-05
3709 6.9e-05
3650 6.9e-05
3570 6.9e-05
3453 6.9e-05
3451 6.9e-05
801 6.8e-05
1967 6.7e-05
674 6.6e-05
638 6.6e-05
613 6.6e-05
607 6.6e-05
602 6.6e-05
585 6.6e-05
1395 6.6e-05
1755 6.5e-05
550 6.4e-05
447 6.4e-05
358 6.4e-05
1262 6.2e-05
2442 6.2e-05
3230 6.1e-05
3183 6.1e-05
3071 6.1e-05
3031 6.1e-05
2842 6.1e-05
1834 5.9e-05
1581 5.9e-05
1466 5.9e-05
1386 5.9e-05
1206 5.9e-05
1145 5.9e-05
1119 5.9e-05
918 5.9e-05
911 5.9e-05
2569 5.7e-05
2470 5.7e-05
2457 5.7e-05
2269 5.7e-05
2195 5.7e-05
2079 5.7e-05
